# L=8 N=8  280-point thermodynamic integration
# nmeas=100000000 therm=2000000 nbin=200
# Generated: Tue Mar 24 20:41:18 CST 2026
# T  E/N  err_E/N  Cv/N  err_Cv/N  accept_rate  E_total  tau_int
0.050000  0.00000000  0.00000000  0.00000000  0.00000000  0.000000  0.0000  0.5
0.055000  0.00000000  0.00000000  0.00000000  0.00000000  0.000000  0.0000  0.5
0.060000  0.00000071  0.00000057  0.00019722  0.00015695  0.000000  0.0000  177.1
0.065000  0.00000096  0.00000054  0.00022692  0.00012718  0.000000  0.0000  123.6
0.070000  0.00000338  0.00000164  0.00068901  0.00033473  0.000000  0.0000  322.6
0.075000  0.00001543  0.00000419  0.00274255  0.00074412  0.000002  0.0001  468.4
0.080000  0.00002695  0.00000540  0.00421022  0.00084344  0.000003  0.0002  462.7
0.085000  0.00004096  0.00000507  0.00566735  0.00070090  0.000005  0.0003  254.2
0.090000  0.00007767  0.00000764  0.00958417  0.00094304  0.000009  0.0006  303.7
0.095000  0.00016803  0.00001239  0.01859866  0.00137027  0.000018  0.0013  336.8
0.100000  0.00031305  0.00001842  0.03131422  0.00184161  0.000034  0.0025  384.9
0.102500  0.00039383  0.00002054  0.03750367  0.00194882  0.000044  0.0032  370.0
0.105000  0.00045585  0.00002027  0.04129808  0.00182878  0.000050  0.0036  329.6
0.107500  0.00054847  0.00002249  0.04758321  0.00194555  0.000061  0.0044  353.4
0.110000  0.00071794  0.00002560  0.05946397  0.00211601  0.000079  0.0057  366.4
0.112500  0.00089562  0.00003085  0.07080408  0.00242422  0.000098  0.0072  349.9
0.115000  0.00107830  0.00003446  0.08158843  0.00258270  0.000120  0.0086  376.8
0.117500  0.00122714  0.00003690  0.08905535  0.00264867  0.000137  0.0098  354.4
0.120000  0.00155334  0.00003904  0.10780509  0.00268476  0.000172  0.0124  368.1
0.122500  0.00185075  0.00004496  0.12333838  0.00298454  0.000205  0.0148  373.3
0.125000  0.00222620  0.00004474  0.14262038  0.00284604  0.000250  0.0178  355.0
0.127500  0.00249402  0.00004841  0.15373274  0.00296704  0.000280  0.0200  346.1
0.130000  0.00292949  0.00005704  0.17356085  0.00332749  0.000330  0.0234  371.4
0.132500  0.00345214  0.00005323  0.19664232  0.00297235  0.000390  0.0276  353.2
0.135000  0.00393519  0.00006064  0.21653158  0.00323997  0.000447  0.0315  342.0
0.137500  0.00439756  0.00006766  0.23247149  0.00349574  0.000500  0.0352  353.0
0.140000  0.00502101  0.00007042  0.25640263  0.00347353  0.000573  0.0402  362.3
0.142500  0.00566882  0.00007356  0.28036250  0.00351112  0.000652  0.0454  360.2
0.145000  0.00643964  0.00007819  0.30712546  0.00363735  0.000745  0.0515  346.7
0.147500  0.00737602  0.00007962  0.33930972  0.00347418  0.000858  0.0590  359.7
0.150000  0.00826434  0.00008259  0.36725310  0.00344785  0.000964  0.0661  354.5
0.152500  0.00917750  0.00009632  0.39434523  0.00394344  0.001078  0.0734  341.5
0.155000  0.01013651  0.00009718  0.42302613  0.00375990  0.001201  0.0811  347.0
0.157500  0.01135164  0.00009582  0.45807662  0.00365309  0.001355  0.0908  336.2
0.160000  0.01257549  0.00010365  0.49193746  0.00381308  0.001516  0.1006  347.6
0.162500  0.01372592  0.00011331  0.51964077  0.00399027  0.001665  0.1098  327.5
0.165000  0.01494395  0.00010593  0.54907277  0.00354366  0.001828  0.1196  334.7
0.167500  0.01654576  0.00011584  0.59012042  0.00367521  0.002050  0.1324  339.7
0.170000  0.01815668  0.00011653  0.62718508  0.00356280  0.002259  0.1453  311.4
0.172500  0.01947410  0.00011890  0.65465517  0.00361535  0.002455  0.1558  322.3
0.175000  0.02132099  0.00012498  0.69519939  0.00343922  0.002715  0.1706  308.5
0.177500  0.02324538  0.00013352  0.73622652  0.00366077  0.002992  0.1860  300.9
0.180000  0.02505427  0.00013111  0.77130634  0.00356842  0.003263  0.2004  285.9
0.182500  0.02694947  0.00014464  0.80711839  0.00357841  0.003555  0.2156  294.2
0.185000  0.02888360  0.00014626  0.84147985  0.00353163  0.003853  0.2311  282.6
0.187500  0.03121539  0.00014122  0.88142456  0.00335024  0.004212  0.2497  271.6
0.190000  0.03333158  0.00015792  0.91601615  0.00352390  0.004550  0.2667  271.8
0.192500  0.03596581  0.00016044  0.96235250  0.00333615  0.004985  0.2877  272.6
0.195000  0.03828833  0.00014963  0.99449171  0.00304755  0.005364  0.3063  262.2
0.197500  0.04091133  0.00016118  1.03276158  0.00317833  0.005801  0.3273  256.3
0.200000  0.04361621  0.00015801  1.07036470  0.00292942  0.006274  0.3489  244.0
0.202500  0.04621843  0.00016719  1.10699754  0.00295260  0.006746  0.3697  238.2
0.205000  0.04889637  0.00016489  1.14036479  0.00282388  0.007246  0.3912  225.8
0.207500  0.05160203  0.00015713  1.16987779  0.00253561  0.007732  0.4128  221.4
0.210000  0.05485781  0.00018116  1.21100657  0.00276228  0.008357  0.4389  221.9
0.212500  0.05788892  0.00018036  1.24287869  0.00271917  0.008936  0.4631  204.5
0.215000  0.06080056  0.00017170  1.27153813  0.00254986  0.009514  0.4864  206.7
0.217500  0.06422354  0.00016822  1.30582963  0.00217424  0.010191  0.5138  199.8
0.220000  0.06733103  0.00017355  1.33534915  0.00216900  0.010849  0.5386  191.6
0.222500  0.07096579  0.00017623  1.36706179  0.00218268  0.011589  0.5677  188.5
0.225000  0.07426373  0.00017248  1.39249437  0.00189255  0.012301  0.5941  181.0
0.227500  0.07800058  0.00017698  1.42323754  0.00206297  0.013116  0.6240  172.5
0.230000  0.08156340  0.00017312  1.44853338  0.00176896  0.013917  0.6525  166.8
0.232500  0.08515609  0.00018578  1.47081035  0.00190198  0.014731  0.6812  162.3
0.235000  0.08923518  0.00017715  1.50242569  0.00164426  0.015690  0.7139  154.5
0.237500  0.09300135  0.00017674  1.52178932  0.00170228  0.016579  0.7440  148.6
0.240000  0.09665294  0.00018493  1.53913934  0.00161910  0.017468  0.7732  144.1
0.242500  0.10038558  0.00017270  1.55761094  0.00156704  0.018413  0.8031  141.4
0.245000  0.10453909  0.00018599  1.57804861  0.00152052  0.019455  0.8363  134.1
0.247500  0.10826491  0.00017020  1.59323692  0.00151454  0.020429  0.8661  129.2
0.250000  0.11261814  0.00016472  1.60764400  0.00151103  0.021536  0.9009  124.1
0.252500  0.11653399  0.00018128  1.62190762  0.00154590  0.022598  0.9323  120.8
0.255000  0.12012986  0.00016946  1.63195393  0.00140562  0.023636  0.9610  114.7
0.257500  0.12455980  0.00017082  1.64408807  0.00138652  0.024837  0.9965  109.8
0.260000  0.12868596  0.00017753  1.65456911  0.00132497  0.026013  1.0295  106.4
0.262500  0.13251645  0.00018815  1.66281491  0.00123633  0.027150  1.0601  104.0
0.265000  0.13682025  0.00017309  1.66922043  0.00141858  0.028395  1.0946  98.7
0.267500  0.14117776  0.00017781  1.67376570  0.00119230  0.029691  1.1294  95.3
0.270000  0.14505838  0.00017393  1.68281214  0.00134067  0.030937  1.1605  91.2
0.272500  0.14943090  0.00016598  1.68543218  0.00135483  0.032281  1.1954  87.5
0.275000  0.15390125  0.00017382  1.68662386  0.00126423  0.033658  1.2312  84.7
0.277500  0.15791442  0.00016190  1.68779992  0.00138459  0.034970  1.2633  81.8
0.280000  0.16217036  0.00016624  1.69077985  0.00131484  0.036388  1.2974  77.9
0.282500  0.16661439  0.00015782  1.68789844  0.00130046  0.037840  1.3329  74.5
0.285000  0.17044205  0.00015409  1.68763444  0.00133222  0.039185  1.3635  71.5
0.287500  0.17485218  0.00014765  1.68629675  0.00131181  0.040695  1.3988  68.7
0.290000  0.17911145  0.00015138  1.68392539  0.00123781  0.042187  1.4329  65.5
0.292500  0.18364708  0.00014507  1.68188943  0.00149511  0.043790  1.4692  63.0
0.295000  0.18756725  0.00014828  1.67461912  0.00134526  0.045234  1.5005  61.6
0.297500  0.19162860  0.00014682  1.67379600  0.00121386  0.046770  1.5330  59.1
0.300000  0.19581943  0.00014904  1.66718979  0.00124160  0.048324  1.5666  57.0
0.302500  0.20000012  0.00014537  1.66035158  0.00127051  0.049913  1.6000  54.4
0.305000  0.20412521  0.00014559  1.65445979  0.00125456  0.051507  1.6330  52.3
0.307500  0.20805288  0.00013579  1.64522146  0.00120511  0.053072  1.6644  50.2
0.310000  0.21230614  0.00013311  1.63976418  0.00131548  0.054759  1.6984  48.6
0.312500  0.21639176  0.00013618  1.63146064  0.00124400  0.056415  1.7311  46.6
0.315000  0.22052702  0.00013641  1.62303078  0.00134200  0.058082  1.7642  44.9
0.317500  0.22473058  0.00012554  1.61247841  0.00134732  0.059809  1.7978  42.9
0.320000  0.22883277  0.00012143  1.60523279  0.00113786  0.061536  1.8307  41.6
0.322500  0.23243750  0.00013939  1.59859325  0.00133359  0.063144  1.8595  40.1
0.325000  0.23677991  0.00012675  1.58418150  0.00121999  0.064945  1.8942  38.3
0.327500  0.24061273  0.00011952  1.57670328  0.00124090  0.066652  1.9249  36.9
0.330000  0.24440215  0.00013081  1.56925063  0.00120425  0.068372  1.9552  35.8
0.332500  0.24835670  0.00012552  1.55618299  0.00115778  0.070118  1.9869  34.5
0.335000  0.25217462  0.00011782  1.54735649  0.00128619  0.071882  2.0174  33.2
0.337500  0.25603753  0.00011558  1.53572489  0.00116385  0.073647  2.0483  32.0
0.340000  0.25989803  0.00012346  1.52455342  0.00114259  0.075465  2.0792  31.0
0.342500  0.26368215  0.00010910  1.51553316  0.00102698  0.077269  2.1095  29.9
0.345000  0.26764775  0.00011410  1.50309005  0.00112950  0.079110  2.1412  28.6
0.347500  0.27132366  0.00010535  1.49329375  0.00108021  0.080917  2.1706  27.9
0.350000  0.27505158  0.00011688  1.48366517  0.00114773  0.082761  2.2004  26.8
0.352500  0.27861262  0.00010381  1.47060062  0.00099013  0.084526  2.2289  26.1
0.355000  0.28220611  0.00010260  1.46266671  0.00112812  0.086352  2.2576  25.2
0.357500  0.28617046  0.00009761  1.44929747  0.00096605  0.088310  2.2894  24.3
0.360000  0.28968546  0.00008720  1.43927337  0.00098492  0.090112  2.3175  23.4
0.362500  0.29320604  0.00009271  1.42855825  0.00094864  0.091952  2.3456  22.9
0.365000  0.29678843  0.00009738  1.41855880  0.00091566  0.093818  2.3743  22.1
0.367500  0.30007615  0.00010476  1.40943934  0.00109015  0.095578  2.4006  21.5
0.370000  0.30378095  0.00009152  1.39626229  0.00096907  0.097538  2.4302  20.6
0.372500  0.30720280  0.00009979  1.38610369  0.00092242  0.099373  2.4576  20.1
0.375000  0.31072978  0.00009053  1.37594724  0.00087958  0.101295  2.4858  19.6
0.377500  0.31425274  0.00009851  1.36586199  0.00098879  0.103217  2.5140  18.9
0.380000  0.31758401  0.00009064  1.35451543  0.00084392  0.105091  2.5407  18.6
0.382500  0.32101719  0.00008834  1.34333735  0.00089576  0.106967  2.5681  17.8
0.385000  0.32431026  0.00008815  1.33339887  0.00084699  0.108842  2.5945  17.4
0.387500  0.32750812  0.00008906  1.32351724  0.00089532  0.110684  2.6201  17.0
0.390000  0.33072534  0.00008267  1.31464633  0.00078950  0.112569  2.6458  16.4
0.392500  0.33412349  0.00008247  1.30409055  0.00083642  0.114533  2.6730  16.1
0.395000  0.33734101  0.00009016  1.29499074  0.00076245  0.116405  2.6987  15.6
0.397500  0.34057311  0.00009275  1.28468134  0.00075496  0.118308  2.7246  15.3
0.400000  0.34386051  0.00007578  1.27505740  0.00077842  0.120254  2.7509  14.9
0.402500  0.34703481  0.00007910  1.26493670  0.00068979  0.122131  2.7763  14.5
0.405000  0.35011762  0.00008031  1.25625673  0.00072186  0.124045  2.8009  14.3
0.407500  0.35336562  0.00008202  1.24626261  0.00070534  0.125976  2.8269  13.8
0.410000  0.35641156  0.00007843  1.23557743  0.00067821  0.127878  2.8513  13.5
0.412500  0.35932449  0.00007792  1.22767814  0.00062133  0.129683  2.8746  13.2
0.415000  0.36254086  0.00007949  1.21952778  0.00064293  0.131679  2.9003  13.0
0.417500  0.36560935  0.00007563  1.20956914  0.00066854  0.133616  2.9249  12.6
0.420000  0.36852981  0.00007739  1.19954103  0.00069106  0.135457  2.9482  12.3
0.422500  0.37148875  0.00007686  1.19170096  0.00070208  0.137331  2.9719  12.2
0.425000  0.37460490  0.00007095  1.18135973  0.00061413  0.139288  2.9968  11.9
0.427500  0.37739852  0.00007558  1.17386157  0.00057654  0.141132  3.0192  11.6
0.430000  0.38046327  0.00006732  1.16460496  0.00062618  0.143095  3.0437  11.4
0.432500  0.38332113  0.00007064  1.15732921  0.00059507  0.145002  3.0666  11.1
0.435000  0.38609557  0.00007503  1.14860147  0.00057555  0.146820  3.0888  11.0
0.437500  0.38893798  0.00007110  1.14101612  0.00055794  0.148728  3.1115  10.8
0.440000  0.39174728  0.00007166  1.13341434  0.00051013  0.150627  3.1340  10.6
0.442500  0.39470400  0.00007297  1.12344973  0.00055955  0.152543  3.1576  10.3
0.445000  0.39759578  0.00007141  1.11510708  0.00055230  0.154515  3.1808  10.2
0.447500  0.40020918  0.00007203  1.10737642  0.00049429  0.156291  3.2017  10.0
0.450000  0.40303178  0.00006487  1.10002070  0.00054293  0.158213  3.2243  9.8
0.452500  0.40585005  0.00007429  1.09205446  0.00050775  0.160143  3.2468  9.7
0.455000  0.40848941  0.00007503  1.08454458  0.00047520  0.161954  3.2679  9.6
0.457500  0.41121116  0.00007169  1.07611412  0.00053654  0.163871  3.2897  9.3
0.460000  0.41392460  0.00006674  1.06905576  0.00047028  0.165761  3.3114  9.3
0.462500  0.41657887  0.00006633  1.06246168  0.00045794  0.167640  3.3326  9.1
0.465000  0.41925879  0.00006681  1.05463751  0.00044618  0.169522  3.3541  8.9
0.467500  0.42186510  0.00006149  1.04787619  0.00046250  0.171368  3.3749  8.9
0.470000  0.42439820  0.00006499  1.04033679  0.00050490  0.173152  3.3952  8.7
0.472500  0.42700238  0.00006467  1.03313048  0.00047918  0.175055  3.4160  8.6
0.475000  0.42964041  0.00006272  1.02545490  0.00044243  0.176908  3.4371  8.5
0.477500  0.43211901  0.00006326  1.01949462  0.00046274  0.178761  3.4570  8.4
0.480000  0.43465631  0.00006272  1.01273253  0.00045333  0.180591  3.4773  8.3
0.482500  0.43725965  0.00006083  1.00615507  0.00039704  0.182484  3.4981  8.2
0.485000  0.43971402  0.00006016  0.99947539  0.00040668  0.184314  3.5177  8.1
0.487500  0.44215182  0.00006028  0.99261211  0.00039749  0.186125  3.5372  8.0
0.490000  0.44470227  0.00006126  0.98598814  0.00041540  0.188000  3.5576  7.9
0.492500  0.44716851  0.00005721  0.97896753  0.00041594  0.189843  3.5773  7.8
0.495000  0.44959301  0.00005909  0.97363090  0.00044150  0.191652  3.5967  7.7
0.497500  0.45191415  0.00006259  0.96687815  0.00036238  0.193402  3.6153  7.6
0.500000  0.45447144  0.00005611  0.96067291  0.00037725  0.195317  3.6358  7.6
0.525000  0.47764190  0.00005499  0.90140488  0.00030444  0.213251  3.8211  6.9
0.550000  0.49954280  0.00005161  0.84767670  0.00027587  0.230795  3.9963  6.4
0.575000  0.52009487  0.00004954  0.80049351  0.00024900  0.247847  4.1608  6.0
0.600000  0.53964602  0.00004470  0.75581060  0.00024502  0.264455  4.3172  5.8
0.625000  0.55788430  0.00004389  0.71596760  0.00019657  0.280388  4.4631  5.6
0.650000  0.57544256  0.00004894  0.67976301  0.00018922  0.296009  4.6035  5.5
0.675000  0.59196565  0.00004184  0.64606064  0.00018324  0.311038  4.7357  5.4
0.700000  0.60773420  0.00004464  0.61525757  0.00015701  0.325623  4.8619  5.3
0.725000  0.62277379  0.00004269  0.58658746  0.00014080  0.339719  4.9822  5.2
0.750000  0.63705741  0.00004126  0.56008238  0.00011346  0.353328  5.0965  5.2
0.775000  0.65078244  0.00004139  0.53523217  0.00011050  0.366510  5.2063  5.1
0.800000  0.66387465  0.00004080  0.51248421  0.00010692  0.379228  5.3110  5.1
0.825000  0.67643000  0.00003986  0.49096201  0.00010379  0.391543  5.4114  5.1
0.850000  0.68846046  0.00003805  0.47079579  0.00009666  0.403450  5.5077  5.1
0.875000  0.69996279  0.00003765  0.45192256  0.00009321  0.414937  5.5997  5.1
0.900000  0.71105952  0.00003987  0.43430985  0.00008717  0.426035  5.6885  5.0
0.925000  0.72173848  0.00003646  0.41765357  0.00007776  0.436836  5.7739  5.0
0.950000  0.73186541  0.00003858  0.40190757  0.00007978  0.447174  5.8549  5.0
0.975000  0.74176229  0.00003717  0.38715706  0.00007390  0.457246  5.9341  5.0
1.000000  0.75126989  0.00003409  0.37322564  0.00007130  0.466971  6.0102  5.0
1.050000  0.76930692  0.00003503  0.34753097  0.00006653  0.485563  6.1545  5.0
1.100000  0.78608025  0.00003483  0.32455282  0.00005902  0.502941  6.2886  5.0
1.150000  0.80179570  0.00003134  0.30354753  0.00005757  0.519345  6.4144  5.0
1.200000  0.81648715  0.00003393  0.28475067  0.00004790  0.534732  6.5319  5.0
1.250000  0.83024858  0.00003176  0.26746425  0.00005127  0.549265  6.6420  5.0
1.300000  0.84320504  0.00003606  0.25178505  0.00004393  0.562934  6.7456  5.0
1.350000  0.85546819  0.00003151  0.23755450  0.00004112  0.575878  6.8437  5.0
1.400000  0.86702005  0.00003362  0.22429634  0.00003705  0.588099  6.9362  5.0
1.450000  0.87799359  0.00003539  0.21231568  0.00003354  0.599683  7.0239  5.0
1.500000  0.88827994  0.00003314  0.20121479  0.00003148  0.610638  7.1062  5.0
1.550000  0.89806390  0.00003201  0.19090182  0.00003407  0.621039  7.1845  5.0
1.600000  0.90736941  0.00003335  0.18141738  0.00003026  0.630911  7.2590  5.0
1.650000  0.91621737  0.00003199  0.17257159  0.00002793  0.640381  7.3297  5.0
1.700000  0.92466589  0.00003357  0.16442004  0.00002448  0.649312  7.3973  5.0
1.750000  0.93270927  0.00003474  0.15680427  0.00002343  0.657845  7.4617  5.0
1.800000  0.94030676  0.00003014  0.14966774  0.00002699  0.665986  7.5225  5.0
1.850000  0.94764962  0.00003060  0.14303794  0.00002253  0.673766  7.5812  5.0
1.900000  0.95465894  0.00003090  0.13678849  0.00002076  0.681218  7.6373  5.0
1.950000  0.96137423  0.00003404  0.13103224  0.00002135  0.688342  7.6910  5.0
2.000000  0.96778308  0.00003139  0.12556526  0.00002035  0.695158  7.7423  5.0
2.100000  0.97982076  0.00003430  0.11562903  0.00001952  0.707918  7.8386  5.0
2.200000  0.99089852  0.00003293  0.10677217  0.00001591  0.719719  7.9272  5.0
2.300000  1.00116674  0.00003362  0.09898264  0.00001460  0.730585  8.0093  5.0
2.400000  1.01078946  0.00003003  0.09197116  0.00001365  0.740705  8.0863  5.0
2.500000  1.01956164  0.00003327  0.08564680  0.00001260  0.750018  8.1565  5.0
2.600000  1.02791445  0.00003352  0.07996026  0.00001274  0.758802  8.2233  5.0
2.700000  1.03561271  0.00003036  0.07486813  0.00001159  0.766951  8.2849  5.0
2.800000  1.04281745  0.00003226  0.07018204  0.00001068  0.774551  8.3425  5.0
2.900000  1.04973366  0.00003276  0.06597173  0.00000917  0.781733  8.3979  5.0
3.000000  1.05601884  0.00003128  0.06209361  0.00000915  0.788431  8.4482  5.0
3.100000  1.06212809  0.00003121  0.05856644  0.00000910  0.794757  8.4970  5.0
3.200000  1.06778206  0.00003432  0.05532587  0.00000859  0.800696  8.5423  5.0
3.300000  1.07317329  0.00003235  0.05234617  0.00000810  0.806320  8.5854  5.0
3.400000  1.07832032  0.00003315  0.04959241  0.00000721  0.811646  8.6266  5.0
3.500000  1.08313954  0.00003254  0.04706613  0.00000771  0.816719  8.6651  5.0
3.600000  1.08773495  0.00003397  0.04470825  0.00000679  0.821488  8.7019  5.0
3.700000  1.09206265  0.00002982  0.04253333  0.00000660  0.826022  8.7365  5.0
3.800000  1.09623865  0.00003494  0.04050770  0.00000644  0.830341  8.7699  5.0
3.900000  1.10016803  0.00003409  0.03862644  0.00000558  0.834459  8.8013  5.0
4.000000  1.10396441  0.00003250  0.03687080  0.00000480  0.838362  8.8317  5.0
4.100000  1.10756131  0.00003360  0.03523795  0.00000498  0.842075  8.8605  5.0
4.200000  1.11100714  0.00003157  0.03370575  0.00000560  0.845631  8.8881  5.0
4.300000  1.11426370  0.00003058  0.03225755  0.00000505  0.849059  8.9141  5.0
4.400000  1.11742306  0.00003379  0.03092270  0.00000514  0.852342  8.9394  5.0
4.500000  1.12051871  0.00003244  0.02966233  0.00000460  0.855467  8.9641  5.0
4.600000  1.12331054  0.00003158  0.02847866  0.00000413  0.858453  8.9865  5.0
4.700000  1.12620771  0.00003051  0.02736452  0.00000379  0.861332  9.0097  5.0
4.800000  1.12882749  0.00003202  0.02630275  0.00000387  0.864096  9.0306  5.0
4.900000  1.13143781  0.00003041  0.02531444  0.00000380  0.866747  9.0515  5.0
5.000000  1.13389235  0.00003279  0.02437359  0.00000410  0.869302  9.0711  5.0
5.500000  1.14505589  0.00003190  0.02037968  0.00000310  0.880742  9.1604  5.0
6.000000  1.15444953  0.00003263  0.01729410  0.00000269  0.890361  9.2356  5.0
6.500000  1.16246600  0.00003135  0.01485826  0.00000213  0.898526  9.2997  5.0
7.000000  1.16939401  0.00003079  0.01290088  0.00000177  0.905565  9.3552  5.0
7.500000  1.17543830  0.00002865  0.01130541  0.00000172  0.911708  9.4035  5.0
8.000000  1.18073831  0.00003346  0.00998905  0.00000149  0.917113  9.4459  5.0
8.500000  1.18545904  0.00003248  0.00889082  0.00000131  0.921860  9.4837  5.0
9.000000  1.18964768  0.00003605  0.00796272  0.00000110  0.926116  9.5172  5.0
9.500000  1.19338883  0.00003496  0.00717463  0.00000094  0.929919  9.5471  5.0
10.000000  1.19681772  0.00003005  0.00649731  0.00000102  0.933368  9.5745  5.0
11.000000  1.20270258  0.00003206  0.00540007  0.00000077  0.939316  9.6216  5.0
12.000000  1.20770564  0.00003449  0.00455846  0.00000063  0.944290  9.6616  5.0
13.000000  1.21193048  0.00002935  0.00390085  0.00000061  0.948527  9.6954  5.0
14.000000  1.21555557  0.00003435  0.00337472  0.00000046  0.952144  9.7244  5.0
15.000000  1.21870883  0.00003062  0.00294833  0.00000044  0.955320  9.7497  5.0
16.000000  1.22145497  0.00003351  0.00259780  0.00000038  0.958073  9.7716  5.0
17.000000  1.22396681  0.00003317  0.00230697  0.00000034  0.960507  9.7917  5.0
18.000000  1.22613157  0.00003391  0.00206197  0.00000030  0.962687  9.8091  5.0
19.000000  1.22810344  0.00003141  0.00185447  0.00000026  0.964620  9.8248  5.0
20.000000  1.22988667  0.00003330  0.00167587  0.00000027  0.966384  9.8391  5.0
25.000000  1.23657023  0.00003158  0.00107910  0.00000016  0.973049  9.8926  5.0
30.000000  1.24103476  0.00003117  0.00075265  0.00000011  0.977517  9.9283  5.0
35.000000  1.24429227  0.00003049  0.00055462  0.00000008  0.980721  9.9543  5.0
40.000000  1.24670477  0.00003017  0.00042547  0.00000006  0.983117  9.9736  5.0
50.000000  1.25010456  0.00003154  0.00027315  0.00000004  0.986481  10.0008  5.0
60.000000  1.25248805  0.00002947  0.00019018  0.00000003  0.988721  10.0199  5.0
70.000000  1.25400735  0.00003323  0.00013987  0.00000002  0.990334  10.0321  5.0
80.000000  1.25522811  0.00003003  0.00010725  0.00000001  0.991539  10.0418  5.0
90.000000  1.25622562  0.00003194  0.00008481  0.00000001  0.992480  10.0498  5.0
100.000000  1.25702855  0.00003204  0.00006874  0.00000001  0.993231  10.0562  5.0
120.000000  1.25813342  0.00003340  0.00004777  0.00000001  0.994354  10.0651  5.0
150.000000  1.25929349  0.00003274  0.00003060  0.00000000  0.995484  10.0743  5.0
200.000000  1.26045952  0.00003384  0.00001724  0.00000000  0.996614  10.0837  5.0
250.000000  1.26109764  0.00003105  0.00001104  0.00000000  0.997289  10.0888  5.0
300.000000  1.26157641  0.00002887  0.00000767  0.00000000  0.997742  10.0926  5.0
350.000000  1.26196190  0.00003228  0.00000564  0.00000000  0.998063  10.0957  5.0
400.000000  1.26218524  0.00003137  0.00000432  0.00000000  0.998305  10.0975  5.0
450.000000  1.26235351  0.00003424  0.00000341  0.00000000  0.998494  10.0988  5.0
500.000000  1.26246160  0.00003361  0.00000276  0.00000000  0.998643  10.0997  5.0
