# L=256 N=256  280-point thermodynamic integration
# nmeas=100000000 therm=2000000 nbin=200
# Generated: Tue Mar 24 21:41:41 CST 2026
# T  E/N  err_E/N  Cv/N  err_Cv/N  accept_rate  E_total  tau_int
0.050000  0.00000000  0.00000000  0.00000000  0.00000000  0.000000  0.0000  0.5
0.055000  0.00000420  0.00000420  0.00138747  0.00138746  0.000000  0.0011  38372.0
0.060000  0.00000000  0.00000000  0.00000000  0.00000000  0.000000  0.0000  0.5
0.065000  0.00001667  0.00000903  0.00392894  0.00212225  0.000000  0.0043  40494.2
0.070000  0.00017483  0.00004482  0.03408282  0.00835778  0.000000  0.0448  46366.2
0.075000  0.00034682  0.00006493  0.05979639  0.01050480  0.000001  0.0888  46232.3
0.080000  0.00104131  0.00010680  0.14860554  0.01285246  0.000002  0.2666  45265.5
0.085000  0.00190403  0.00013961  0.24124757  0.01531816  0.000005  0.4874  44157.0
0.090000  0.00364831  0.00015455  0.35052806  0.01376302  0.000010  0.9340  41447.4
0.095000  0.00537881  0.00016645  0.43203055  0.01503337  0.000018  1.3770  38016.5
0.100000  0.00773445  0.00014860  0.53148845  0.01654042  0.000031  1.9800  32337.9
0.102500  0.00924469  0.00013785  0.55993003  0.01588733  0.000041  2.3666  28860.3
0.105000  0.01090942  0.00013741  0.57382054  0.01560863  0.000054  2.7928  24687.4
0.107500  0.01237280  0.00012673  0.62316986  0.01485234  0.000067  3.1674  21736.5
0.110000  0.01387582  0.00012543  0.70232983  0.02057363  0.000083  3.5522  20782.9
0.112500  0.01555900  0.00011502  0.73866226  0.01595427  0.000102  3.9831  16983.5
0.115000  0.01715375  0.00010177  0.76436839  0.01366996  0.000121  4.3914  14517.6
0.117500  0.01917158  0.00010359  0.79688599  0.01398021  0.000147  4.9079  12314.0
0.120000  0.02135988  0.00009119  0.82437045  0.01251089  0.000179  5.4681  9522.3
0.122500  0.02329013  0.00009610  0.87063120  0.01138294  0.000210  5.9623  8747.2
0.125000  0.02555178  0.00008659  0.89238447  0.01031130  0.000249  6.5413  7191.6
0.127500  0.02764890  0.00008544  0.94584907  0.01030788  0.000290  7.0781  5972.6
0.130000  0.03013380  0.00007581  0.93602856  0.00974929  0.000340  7.7143  4732.5
0.132500  0.03259894  0.00006781  0.98158057  0.00847492  0.000395  8.3453  4221.8
0.135000  0.03518494  0.00007724  1.03631870  0.00957186  0.000458  9.0073  3885.8
0.137500  0.03767256  0.00007226  1.05559518  0.00807786  0.000523  9.6442  3034.8
0.140000  0.04031799  0.00007042  1.08953072  0.00895660  0.000597  10.3214  2767.9
0.142500  0.04326343  0.00006313  1.11557167  0.00754513  0.000684  11.0754  2390.0
0.145000  0.04596236  0.00006091  1.15092914  0.00767402  0.000772  11.7664  2133.3
0.147500  0.04872179  0.00006032  1.17469105  0.00718108  0.000867  12.4728  1908.5
0.150000  0.05191158  0.00005843  1.20077284  0.00664663  0.000982  13.2894  1599.7
0.152500  0.05475518  0.00005761  1.21988317  0.00662865  0.001093  14.0173  1455.0
0.155000  0.05795735  0.00005387  1.25131270  0.00596657  0.001225  14.8371  1311.6
0.157500  0.06114455  0.00005713  1.27519749  0.00610126  0.001364  15.6530  1159.0
0.160000  0.06434810  0.00005344  1.29549001  0.00556876  0.001514  16.4731  1024.0
0.162500  0.06766963  0.00004914  1.32684087  0.00596711  0.001676  17.3234  941.8
0.165000  0.07098657  0.00005197  1.34687186  0.00560692  0.001848  18.1726  865.5
0.167500  0.07433746  0.00004688  1.36686695  0.00518055  0.002032  19.0304  758.7
0.170000  0.07790621  0.00004794  1.38122293  0.00466696  0.002237  19.9440  679.8
0.172500  0.08137035  0.00004148  1.39833683  0.00507656  0.002446  20.8308  618.6
0.175000  0.08486975  0.00004511  1.42187104  0.00465798  0.002670  21.7267  574.8
0.177500  0.08849669  0.00004095  1.43807053  0.00497715  0.002912  22.6552  514.6
0.180000  0.09207323  0.00004327  1.46417848  0.00451037  0.003165  23.5707  486.4
0.182500  0.09574487  0.00003973  1.48122837  0.00424563  0.003433  24.5107  444.5
0.185000  0.09948698  0.00004448  1.49109318  0.00374894  0.003721  25.4687  402.4
0.187500  0.10321628  0.00004008  1.50296011  0.00374372  0.004021  26.4234  384.3
0.190000  0.10700789  0.00003742  1.51106610  0.00381952  0.004340  27.3940  340.3
0.192500  0.11085612  0.00003548  1.53292039  0.00364887  0.004677  28.3792  314.3
0.195000  0.11460119  0.00003554  1.54065289  0.00339424  0.005021  29.3379  294.5
0.197500  0.11852921  0.00003647  1.54879128  0.00375675  0.005394  30.3435  277.0
0.200000  0.12236684  0.00003606  1.55853155  0.00340505  0.005774  31.3259  257.3
0.202500  0.12631799  0.00003683  1.56623387  0.00354741  0.006178  32.3374  236.2
0.205000  0.13023511  0.00003213  1.57628666  0.00354415  0.006598  33.3402  218.8
0.207500  0.13418309  0.00002823  1.58491455  0.00295687  0.007036  34.3509  206.1
0.210000  0.13814658  0.00003092  1.59152349  0.00317331  0.007491  35.3655  193.9
0.212500  0.14212376  0.00003051  1.59405100  0.00296730  0.007965  36.3837  178.6
0.215000  0.14613607  0.00003147  1.59679397  0.00292494  0.008458  37.4108  166.8
0.217500  0.15014427  0.00002953  1.59901596  0.00278178  0.008973  38.4369  155.9
0.220000  0.15412592  0.00002972  1.60729583  0.00272541  0.009497  39.4562  148.4
0.222500  0.15819889  0.00002950  1.61494363  0.00263949  0.010052  40.4989  139.8
0.225000  0.16224182  0.00002973  1.61784842  0.00262104  0.010622  41.5339  132.0
0.227500  0.16629299  0.00002871  1.61408472  0.00252191  0.011211  42.5710  125.3
0.230000  0.17034694  0.00002759  1.62329314  0.00228182  0.011820  43.6088  116.9
0.232500  0.17435197  0.00002798  1.61825285  0.00249370  0.012438  44.6341  109.4
0.235000  0.17844498  0.00002755  1.62150352  0.00231938  0.013088  45.6819  105.1
0.237500  0.18252108  0.00002516  1.62376453  0.00231649  0.013757  46.7254  98.3
0.240000  0.18653042  0.00002453  1.62375101  0.00217423  0.014430  47.7518  93.2
0.242500  0.19058665  0.00002709  1.62172520  0.00197473  0.015132  48.7902  89.0
0.245000  0.19463214  0.00002487  1.62381112  0.00202020  0.015854  49.8258  85.1
0.247500  0.19870584  0.00002489  1.61718299  0.00199713  0.016598  50.8687  80.0
0.250000  0.20275342  0.00002359  1.61682704  0.00183011  0.017355  51.9049  75.9
0.252500  0.20681361  0.00002533  1.61384443  0.00206535  0.018134  52.9443  72.2
0.255000  0.21090585  0.00002462  1.61194546  0.00176791  0.018938  53.9919  69.1
0.257500  0.21484408  0.00002196  1.61268308  0.00171222  0.019735  55.0001  65.6
0.260000  0.21887756  0.00002234  1.60864561  0.00169958  0.020568  56.0327  62.8
0.262500  0.22285896  0.00002354  1.60026544  0.00177261  0.021411  57.0519  59.7
0.265000  0.22688713  0.00002405  1.59755133  0.00162815  0.022282  58.0831  57.6
0.267500  0.23085887  0.00002184  1.59317998  0.00169977  0.023164  59.0999  55.1
0.270000  0.23486141  0.00002213  1.59194055  0.00155669  0.024071  60.1245  52.9
0.272500  0.23883919  0.00002164  1.58542345  0.00134971  0.024985  61.1428  50.2
0.275000  0.24276075  0.00002097  1.58170200  0.00144546  0.025915  62.1468  48.7
0.277500  0.24670776  0.00001958  1.57546552  0.00146682  0.026868  63.1572  46.2
0.280000  0.25064429  0.00001975  1.57009908  0.00142205  0.027838  64.1649  44.8
0.282500  0.25457835  0.00002135  1.56279362  0.00146171  0.028826  65.1721  42.8
0.285000  0.25847877  0.00001908  1.55878162  0.00135524  0.029820  66.1706  41.3
0.287500  0.26235881  0.00001936  1.55206678  0.00129313  0.030837  67.1639  39.7
0.290000  0.26621625  0.00001956  1.54582274  0.00130686  0.031862  68.1514  37.9
0.292500  0.27005273  0.00001971  1.53858904  0.00129977  0.032902  69.1335  36.6
0.295000  0.27389399  0.00001812  1.53520717  0.00120192  0.033960  70.1169  35.5
0.297500  0.27775433  0.00001927  1.52382942  0.00127965  0.035043  71.1051  34.0
0.300000  0.28155590  0.00001744  1.51959139  0.00128255  0.036127  72.0783  33.0
0.302500  0.28535025  0.00001870  1.51205944  0.00121621  0.037234  73.0497  31.8
0.305000  0.28910757  0.00001791  1.50421087  0.00117084  0.038338  74.0115  30.6
0.307500  0.29288834  0.00001774  1.49863724  0.00111471  0.039476  74.9794  29.6
0.310000  0.29661898  0.00001875  1.49087981  0.00116498  0.040613  75.9345  28.8
0.312500  0.30032267  0.00001718  1.48550465  0.00105977  0.041764  76.8826  27.9
0.315000  0.30404081  0.00001755  1.47686790  0.00105731  0.042933  77.8344  26.9
0.317500  0.30768903  0.00001754  1.46846008  0.00095101  0.044103  78.7684  26.0
0.320000  0.31136523  0.00001649  1.46194115  0.00094703  0.045294  79.7095  25.4
0.322500  0.31502629  0.00001665  1.45440971  0.00103521  0.046498  80.6467  24.6
0.325000  0.31863678  0.00001713  1.44719747  0.00096938  0.047706  81.5710  23.9
0.327500  0.32226225  0.00001639  1.43913695  0.00092372  0.048929  82.4991  23.2
0.330000  0.32587054  0.00001614  1.43305675  0.00098539  0.050170  83.4229  22.3
0.332500  0.32940762  0.00001664  1.42390989  0.00099479  0.051400  84.3283  21.8
0.335000  0.33301320  0.00001520  1.41672516  0.00083447  0.052672  85.2514  21.2
0.337500  0.33650675  0.00001648  1.40870209  0.00090065  0.053921  86.1457  20.7
0.340000  0.33999943  0.00001491  1.40205174  0.00087805  0.055189  87.0399  20.1
0.342500  0.34349459  0.00001422  1.39276352  0.00084639  0.056468  87.9346  19.5
0.345000  0.34698996  0.00001648  1.38529649  0.00078482  0.057766  88.8294  19.1
0.347500  0.35042447  0.00001583  1.37747281  0.00086453  0.059060  89.7087  18.5
0.350000  0.35386977  0.00001504  1.37104638  0.00081500  0.060365  90.5907  18.1
0.352500  0.35728955  0.00001349  1.36347796  0.00078140  0.061681  91.4661  17.7
0.355000  0.36067720  0.00001388  1.35464851  0.00072740  0.063000  92.3334  17.2
0.357500  0.36409199  0.00001482  1.34766243  0.00075184  0.064343  93.2075  16.8
0.360000  0.36742662  0.00001568  1.33972846  0.00070229  0.065678  94.0612  16.4
0.362500  0.37073730  0.00001488  1.33254476  0.00068637  0.067010  94.9087  16.0
0.365000  0.37409394  0.00001500  1.32556345  0.00077333  0.068373  95.7680  15.7
0.367500  0.37740263  0.00001464  1.31709471  0.00070104  0.069731  96.6151  15.3
0.370000  0.38067166  0.00001324  1.31048464  0.00069018  0.071092  97.4519  15.0
0.372500  0.38392888  0.00001430  1.30156872  0.00073820  0.072458  98.2858  14.6
0.375000  0.38717749  0.00001286  1.29443896  0.00064045  0.073836  99.1174  14.3
0.377500  0.39041898  0.00001354  1.28675561  0.00062671  0.075224  99.9473  14.1
0.380000  0.39359702  0.00001430  1.27955906  0.00063594  0.076600  100.7608  13.8
0.382500  0.39678785  0.00001396  1.27217985  0.00064485  0.077994  101.5777  13.5
0.385000  0.39999167  0.00001375  1.26442089  0.00067313  0.079400  102.3979  13.2
0.387500  0.40311235  0.00001386  1.25755822  0.00060937  0.080791  103.1968  13.0
0.390000  0.40625267  0.00001345  1.24931682  0.00058396  0.082199  104.0007  12.7
0.392500  0.40936778  0.00001362  1.24321693  0.00059244  0.083615  104.7982  12.5
0.395000  0.41247526  0.00001337  1.23543424  0.00057417  0.085033  105.5937  12.2
0.397500  0.41554103  0.00001191  1.22746971  0.00058325  0.086450  106.3785  12.0
0.400000  0.41860067  0.00001415  1.22065332  0.00051494  0.087871  107.1618  11.8
0.402500  0.42165964  0.00001396  1.21430455  0.00054147  0.089298  107.9449  11.6
0.405000  0.42468633  0.00001418  1.20668312  0.00054253  0.090731  108.7197  11.4
0.407500  0.42766972  0.00001254  1.20001813  0.00052893  0.092154  109.4834  11.2
0.410000  0.43066550  0.00001296  1.19338402  0.00049412  0.093597  110.2504  11.1
0.412500  0.43365250  0.00001350  1.18628022  0.00056296  0.095038  111.0150  10.9
0.415000  0.43660889  0.00001192  1.17888313  0.00049812  0.096479  111.7719  10.7
0.417500  0.43953583  0.00001199  1.17196399  0.00056620  0.097921  112.5212  10.5
0.420000  0.44247518  0.00001195  1.16535988  0.00051235  0.099375  113.2736  10.4
0.422500  0.44538865  0.00001182  1.15789471  0.00047655  0.100823  114.0195  10.2
0.425000  0.44823436  0.00001234  1.15176774  0.00051285  0.102263  114.7480  10.0
0.427500  0.45114196  0.00001234  1.14509096  0.00047023  0.103731  115.4923  9.9
0.430000  0.45401449  0.00001246  1.13926333  0.00045288  0.105192  116.2277  9.8
0.432500  0.45684304  0.00001122  1.13239674  0.00047239  0.106643  116.9518  9.6
0.435000  0.45965720  0.00001188  1.12618919  0.00043059  0.108100  117.6722  9.5
0.437500  0.46245913  0.00001162  1.11923001  0.00046450  0.109559  118.3895  9.4
0.440000  0.46525139  0.00001114  1.11324701  0.00043615  0.111023  119.1044  9.2
0.442500  0.46804020  0.00001139  1.10735136  0.00044367  0.112489  119.8183  9.1
0.445000  0.47078048  0.00001150  1.09978917  0.00044868  0.113947  120.5198  9.0
0.447500  0.47352123  0.00001169  1.09460730  0.00044817  0.115409  121.2214  8.9
0.450000  0.47627404  0.00001208  1.08800591  0.00040871  0.116886  121.9262  8.8
0.452500  0.47897033  0.00001113  1.08198970  0.00040447  0.118344  122.6164  8.7
0.455000  0.48165958  0.00001175  1.07608672  0.00041368  0.119811  123.3049  8.5
0.457500  0.48435943  0.00001033  1.07052185  0.00038865  0.121278  123.9960  8.5
0.460000  0.48702584  0.00001031  1.06421495  0.00041072  0.122752  124.6786  8.4
0.462500  0.48968260  0.00001232  1.05781202  0.00035471  0.124222  125.3587  8.3
0.465000  0.49229971  0.00001123  1.05171682  0.00038704  0.125680  126.0287  8.2
0.467500  0.49492569  0.00001078  1.04663003  0.00037425  0.127154  126.7010  8.2
0.470000  0.49753630  0.00001056  1.04012906  0.00037117  0.128619  127.3693  8.0
0.472500  0.50014672  0.00001141  1.03531448  0.00034306  0.130094  128.0376  7.9
0.475000  0.50271989  0.00001159  1.02917469  0.00036800  0.131560  128.6963  7.9
0.477500  0.50527711  0.00001069  1.02324920  0.00035618  0.133027  129.3509  7.8
0.480000  0.50782531  0.00001073  1.01796843  0.00034282  0.134491  130.0033  7.7
0.482500  0.51035960  0.00001032  1.01237796  0.00035454  0.135955  130.6521  7.6
0.485000  0.51289075  0.00001006  1.00718870  0.00036786  0.137420  131.3000  7.6
0.487500  0.51540839  0.00001116  1.00120977  0.00035984  0.138894  131.9445  7.5
0.490000  0.51789165  0.00001066  0.99634093  0.00032160  0.140352  132.5803  7.4
0.492500  0.52038126  0.00001074  0.99086656  0.00033098  0.141818  133.2176  7.4
0.495000  0.52285671  0.00000968  0.98568063  0.00033906  0.143283  133.8513  7.3
0.497500  0.52532010  0.00001051  0.98057547  0.00031099  0.144750  134.4819  7.2
0.500000  0.52777296  0.00001105  0.97430691  0.00032706  0.146215  135.1099  7.2
0.525000  0.55148710  0.00000967  0.92560475  0.00029408  0.160749  141.1807  6.7
0.550000  0.57404084  0.00000901  0.87976678  0.00028111  0.175121  146.9545  6.3
0.575000  0.59552534  0.00000899  0.83754617  0.00021168  0.189303  152.4545  6.0
0.600000  0.61594622  0.00000984  0.79852286  0.00022611  0.203201  157.6822  5.8
0.625000  0.63546101  0.00000877  0.76251900  0.00018368  0.216841  162.6780  5.6
0.650000  0.65411591  0.00000941  0.72974488  0.00018415  0.230192  167.4537  5.5
0.675000  0.67195258  0.00000865  0.69911436  0.00016693  0.243234  172.0199  5.4
0.700000  0.68905325  0.00000865  0.67037221  0.00016329  0.255972  176.3976  5.3
0.725000  0.70548242  0.00000830  0.64364734  0.00014322  0.268401  180.6035  5.2
0.750000  0.72125720  0.00000847  0.61891764  0.00014571  0.280525  184.6418  5.2
0.775000  0.73641965  0.00000811  0.59558031  0.00013069  0.292321  188.5234  5.2
0.800000  0.75104218  0.00000822  0.57373784  0.00012388  0.303822  192.2668  5.1
0.825000  0.76511381  0.00000821  0.55307614  0.00010878  0.315009  195.8691  5.1
0.850000  0.77871880  0.00000805  0.53378542  0.00010779  0.325915  199.3520  5.1
0.875000  0.79182633  0.00000855  0.51568086  0.00009824  0.336510  202.7075  5.1
0.900000  0.80450867  0.00000791  0.49840383  0.00010344  0.346832  205.9542  5.1
0.925000  0.81675813  0.00000771  0.48237430  0.00009425  0.356877  209.0901  5.0
0.950000  0.82862048  0.00000814  0.46684633  0.00009308  0.366649  212.1268  5.0
0.975000  0.84011200  0.00000734  0.45242028  0.00008595  0.376163  215.0687  5.0
1.000000  0.85124426  0.00000738  0.43843786  0.00008679  0.385422  217.9185  5.0
1.050000  0.87251439  0.00000757  0.41280025  0.00007873  0.403209  223.3637  5.0
1.100000  0.89256107  0.00000697  0.38945511  0.00007057  0.420069  228.4956  5.0
1.150000  0.91151259  0.00000732  0.36822696  0.00006610  0.436070  233.3472  5.0
1.200000  0.92943315  0.00000815  0.34897305  0.00005722  0.451261  237.9349  5.0
1.250000  0.94642710  0.00000764  0.33113815  0.00005749  0.465691  242.2853  5.0
1.300000  0.96255647  0.00000747  0.31482175  0.00005833  0.479412  246.4145  5.0
1.350000  0.97792969  0.00000685  0.29968780  0.00005242  0.492479  250.3500  5.0
1.400000  0.99255391  0.00000756  0.28577776  0.00004466  0.504928  254.0938  5.0
1.450000  1.00653051  0.00000731  0.27272094  0.00004712  0.516802  257.6718  5.0
1.500000  1.01983592  0.00000699  0.26072320  0.00003950  0.528122  261.0780  5.0
1.550000  1.03260182  0.00000732  0.24962695  0.00004129  0.538945  264.3461  5.0
1.600000  1.04482025  0.00000716  0.23912047  0.00003961  0.549282  267.4740  5.0
1.650000  1.05653319  0.00000787  0.22933206  0.00003299  0.559190  270.4725  5.0
1.700000  1.06776691  0.00000713  0.22025480  0.00003628  0.568673  273.3483  5.0
1.750000  1.07855175  0.00000735  0.21155606  0.00003469  0.577753  276.1092  5.0
1.800000  1.08895262  0.00000727  0.20357874  0.00003351  0.586489  278.7719  5.0
1.850000  1.09891815  0.00000712  0.19592951  0.00003159  0.594852  281.3230  5.0
1.900000  1.10852819  0.00000723  0.18878506  0.00003058  0.602897  283.7832  5.0
1.950000  1.11781164  0.00000766  0.18208596  0.00002577  0.610631  286.1598  5.0
2.000000  1.12673495  0.00000708  0.17559672  0.00002956  0.618067  288.4441  5.0
2.100000  1.14371803  0.00000749  0.16390173  0.00002654  0.632131  292.7918  5.0
2.200000  1.15955669  0.00000696  0.15335571  0.00002393  0.645196  296.8465  5.0
2.300000  1.17443563  0.00000790  0.14384057  0.00002132  0.657381  300.6555  5.0
2.400000  1.18835492  0.00000742  0.13518997  0.00001997  0.668745  304.2189  5.0
2.500000  1.20148112  0.00000661  0.12731298  0.00001943  0.679384  307.5792  5.0
2.600000  1.21385761  0.00000738  0.12011468  0.00001734  0.689371  310.7475  5.0
2.700000  1.22554054  0.00000755  0.11359501  0.00001695  0.698743  313.7384  5.0
2.800000  1.23659446  0.00000729  0.10759131  0.00001507  0.707571  316.5682  5.0
2.900000  1.24707015  0.00000770  0.10204625  0.00001728  0.715899  319.2500  5.0
3.000000  1.25700336  0.00000757  0.09692509  0.00001487  0.723756  321.7929  5.0
3.100000  1.26646641  0.00000797  0.09221168  0.00001524  0.731197  324.2154  5.0
3.200000  1.27546624  0.00000762  0.08781270  0.00001377  0.738256  326.5194  5.0
3.300000  1.28402804  0.00000767  0.08375284  0.00001230  0.744931  328.7112  5.0
3.400000  1.29222368  0.00000709  0.07997474  0.00001225  0.751284  330.8093  5.0
3.500000  1.30004062  0.00000722  0.07644460  0.00001215  0.757331  332.8104  5.0
3.600000  1.30753125  0.00000800  0.07314703  0.00001082  0.763091  334.7280  5.0
3.700000  1.31466995  0.00000766  0.07005792  0.00000929  0.768584  336.5555  5.0
3.800000  1.32153930  0.00000764  0.06716703  0.00001053  0.773819  338.3141  5.0
3.900000  1.32812058  0.00000774  0.06446949  0.00000926  0.778826  339.9989  5.0
4.000000  1.33445073  0.00000805  0.06192818  0.00000911  0.783618  341.6194  5.0
4.100000  1.34050633  0.00000839  0.05952904  0.00000794  0.788198  343.1696  5.0
4.200000  1.34634809  0.00000759  0.05728155  0.00000761  0.792593  344.6651  5.0
4.300000  1.35196465  0.00000801  0.05515840  0.00000882  0.796808  346.1029  5.0
4.400000  1.35738577  0.00000734  0.05314650  0.00000753  0.800858  347.4908  5.0
4.500000  1.36259708  0.00000780  0.05124118  0.00000754  0.804745  348.8249  5.0
4.600000  1.36762825  0.00000731  0.04944687  0.00000692  0.808487  350.1128  5.0
4.700000  1.37249518  0.00000846  0.04774179  0.00000715  0.812085  351.3588  5.0
4.800000  1.37719970  0.00000773  0.04611520  0.00000695  0.815557  352.5631  5.0
4.900000  1.38172242  0.00000830  0.04458475  0.00000696  0.818895  353.7209  5.0
5.000000  1.38610656  0.00000707  0.04313723  0.00000619  0.822111  354.8433  5.0
5.500000  1.40604162  0.00000816  0.03683747  0.00000533  0.836632  359.9467  5.0
6.000000  1.42315703  0.00000785  0.03182837  0.00000484  0.848957  364.3282  5.0
6.500000  1.43802572  0.00000790  0.02779779  0.00000432  0.859546  368.1346  5.0
7.000000  1.45105769  0.00000846  0.02448257  0.00000361  0.868743  371.4708  5.0
7.500000  1.46259648  0.00000747  0.02173062  0.00000310  0.876809  374.4247  5.0
8.000000  1.47286347  0.00000836  0.01942834  0.00000280  0.883943  377.0530  5.0
8.500000  1.48207128  0.00000865  0.01746792  0.00000270  0.890290  379.4102  5.0
9.000000  1.49039281  0.00000876  0.01579739  0.00000245  0.895983  381.5406  5.0
9.500000  1.49792431  0.00000798  0.01435060  0.00000211  0.901108  383.4686  5.0
10.000000  1.50478616  0.00000840  0.01310139  0.00000183  0.905757  385.2253  5.0
11.000000  1.51680013  0.00000859  0.01104475  0.00000168  0.913844  388.3008  5.0
12.000000  1.52701442  0.00000907  0.00943556  0.00000127  0.920658  390.9157  5.0
13.000000  1.53579132  0.00001010  0.00815975  0.00000112  0.926463  393.1626  5.0
14.000000  1.54341695  0.00000895  0.00712248  0.00000101  0.931483  395.1147  5.0
15.000000  1.55008940  0.00000936  0.00627377  0.00000091  0.935859  396.8229  5.0
16.000000  1.55601196  0.00000827  0.00556721  0.00000085  0.939711  398.3391  5.0
17.000000  1.56125976  0.00000921  0.00497563  0.00000075  0.943124  399.6825  5.0
18.000000  1.56598019  0.00000902  0.00447244  0.00000061  0.946171  400.8909  5.0
19.000000  1.57024892  0.00000849  0.00404225  0.00000058  0.948909  401.9837  5.0
20.000000  1.57409846  0.00000905  0.00367179  0.00000054  0.951383  402.9692  5.0
25.000000  1.58895757  0.00000889  0.00240918  0.00000036  0.960852  406.7731  5.0
30.000000  1.59908538  0.00000888  0.00170049  0.00000025  0.967236  409.3659  5.0
35.000000  1.60641564  0.00000902  0.00126492  0.00000017  0.971825  411.2424  5.0
40.000000  1.61198070  0.00000958  0.00097730  0.00000014  0.975288  412.6671  5.0
50.000000  1.61983705  0.00000920  0.00063373  0.00000009  0.980165  414.6783  5.0
60.000000  1.62515520  0.00000871  0.00044405  0.00000006  0.983434  416.0397  5.0
70.000000  1.62896102  0.00000937  0.00032841  0.00000004  0.985777  417.0140  5.0
80.000000  1.63185306  0.00000879  0.00025259  0.00000004  0.987540  417.7544  5.0
90.000000  1.63409083  0.00000918  0.00020031  0.00000003  0.988913  418.3273  5.0
100.000000  1.63589715  0.00000929  0.00016275  0.00000003  0.990015  418.7897  5.0
120.000000  1.63861645  0.00000941  0.00011354  0.00000002  0.991670  419.4858  5.0
150.000000  1.64135293  0.00000881  0.00007299  0.00000001  0.993328  420.1863  5.0
200.000000  1.64408377  0.00000958  0.00004125  0.00000001  0.994990  420.8854  5.0
250.000000  1.64575093  0.00000929  0.00002647  0.00000000  0.995989  421.3122  5.0
300.000000  1.64684240  0.00000930  0.00001842  0.00000000  0.996657  421.5917  5.0
350.000000  1.64762726  0.00000857  0.00001355  0.00000000  0.997133  421.7926  5.0
400.000000  1.64822989  0.00000934  0.00001038  0.00000000  0.997491  421.9469  5.0
450.000000  1.64870200  0.00000911  0.00000821  0.00000000  0.997769  422.0677  5.0
500.000000  1.64909131  0.00000812  0.00000666  0.00000000  0.997993  422.1674  5.0
