# L=1024 N=1024  280-point thermodynamic integration
# nmeas=100000000 therm=2000000 nbin=200
# Generated: Wed Mar 25 01:51:37 CST 2026
# T  E/N  err_E/N  Cv/N  err_Cv/N  accept_rate  E_total  tau_int
0.050000  0.00000967  0.00000682  0.00383087  0.00268842  0.000000  0.0099  48745.2
0.055000  0.00003716  0.00001283  0.01181820  0.00393687  0.000000  0.0381  49337.0
0.060000  0.00017403  0.00003009  0.05244565  0.00997164  0.000000  0.1782  49823.0
0.065000  0.00030273  0.00003415  0.05929758  0.00646436  0.000000  0.3100  49579.3
0.070000  0.00082702  0.00004941  0.10978490  0.00866608  0.000000  0.8469  49338.5
0.075000  0.00106748  0.00006027  0.14721913  0.01398651  0.000001  1.0931  48989.5
0.080000  0.00227058  0.00007624  0.24455589  0.01614092  0.000002  2.3251  47870.9
0.085000  0.00385474  0.00008537  0.32678105  0.02294391  0.000006  3.9473  45485.6
0.090000  0.00522933  0.00008198  0.37175556  0.01988226  0.000010  5.3548  42727.7
0.095000  0.00735136  0.00007822  0.43547610  0.02070659  0.000019  7.5278  36898.1
0.100000  0.00955786  0.00006749  0.49362343  0.01651281  0.000032  9.7872  31009.9
0.102500  0.01092256  0.00006180  0.54439646  0.01402523  0.000041  11.1847  27652.3
0.105000  0.01239812  0.00005907  0.59139015  0.01390536  0.000052  12.6957  24850.9
0.107500  0.01386876  0.00005384  0.62094444  0.01318331  0.000064  14.2016  21012.9
0.110000  0.01539224  0.00006008  0.67265916  0.01379078  0.000079  15.7616  18852.2
0.112500  0.01721916  0.00005034  0.69618004  0.01208850  0.000098  17.6324  15266.5
0.115000  0.01892921  0.00005335  0.75528642  0.01271226  0.000118  19.3835  13559.9
0.117500  0.02078129  0.00004458  0.78697093  0.01202567  0.000142  21.2800  10706.2
0.120000  0.02283226  0.00004402  0.81341434  0.01060903  0.000171  23.3802  9078.8
0.122500  0.02490045  0.00004060  0.85447600  0.00999790  0.000203  25.4981  8094.3
0.125000  0.02705682  0.00004157  0.87530584  0.00932625  0.000240  27.7062  6385.2
0.127500  0.02926801  0.00003698  0.91444500  0.00914941  0.000281  29.9704  5351.5
0.130000  0.03156106  0.00004150  0.95803447  0.00982401  0.000327  32.3185  4841.0
0.132500  0.03405272  0.00003687  0.99338006  0.00876689  0.000382  34.8700  4174.3
0.135000  0.03657914  0.00003262  1.03155739  0.00868443  0.000441  37.4570  3526.9
0.137500  0.03908742  0.00003127  1.04086843  0.00771924  0.000504  40.0255  2993.6
0.140000  0.04183805  0.00003278  1.07537177  0.00795935  0.000579  42.8422  2598.8
0.142500  0.04455812  0.00003190  1.10543526  0.00718249  0.000659  45.6275  2373.4
0.145000  0.04735676  0.00003244  1.15328754  0.00777392  0.000746  48.4933  2030.5
0.147500  0.05027731  0.00002919  1.17553729  0.00691848  0.000844  51.4840  1913.1
0.150000  0.05329052  0.00002852  1.19961289  0.00729917  0.000951  54.5695  1608.2
0.152500  0.05626398  0.00002637  1.22780592  0.00595952  0.001064  57.6143  1419.1
0.155000  0.05937990  0.00002730  1.24756936  0.00573662  0.001189  60.8050  1236.8
0.157500  0.06251191  0.00002690  1.27257843  0.00610819  0.001324  64.0122  1116.2
0.160000  0.06579165  0.00002667  1.29362221  0.00573297  0.001472  67.3707  1037.2
0.162500  0.06905473  0.00002609  1.31909196  0.00554023  0.001629  70.7120  916.3
0.165000  0.07243411  0.00002441  1.34110508  0.00509632  0.001801  74.1725  822.1
0.167500  0.07577497  0.00002401  1.36285776  0.00529458  0.001980  77.5936  761.7
0.170000  0.07921284  0.00002340  1.38737603  0.00528705  0.002174  81.1140  676.5
0.172500  0.08272969  0.00002208  1.40263427  0.00478156  0.002383  84.7152  605.5
0.175000  0.08624244  0.00002253  1.42721378  0.00482354  0.002603  88.3123  573.6
0.177500  0.08984449  0.00002329  1.44049957  0.00434260  0.002838  92.0008  514.9
0.180000  0.09347285  0.00002335  1.45895251  0.00480900  0.003089  95.7162  472.7
0.182500  0.09714994  0.00002272  1.47737567  0.00440214  0.003353  99.4815  435.2
0.185000  0.10082711  0.00001984  1.48926298  0.00405716  0.003631  103.2470  400.6
0.187500  0.10457008  0.00001768  1.50048381  0.00358158  0.003927  107.0798  371.3
0.190000  0.10835518  0.00001715  1.50687280  0.00372302  0.004239  110.9557  337.9
0.192500  0.11217013  0.00001762  1.52880392  0.00349142  0.004568  114.8622  313.1
0.195000  0.11597854  0.00001903  1.53442742  0.00362196  0.004909  118.7620  290.6
0.197500  0.11984852  0.00001889  1.55447815  0.00344442  0.005271  122.7249  271.6
0.200000  0.12374177  0.00001749  1.55705456  0.00343030  0.005651  126.7116  258.1
0.202500  0.12766221  0.00001609  1.56707490  0.00339013  0.006046  130.7261  232.0
0.205000  0.13159341  0.00001706  1.57071907  0.00331272  0.006460  134.7517  219.3
0.207500  0.13554219  0.00001826  1.58141517  0.00339048  0.006891  138.7952  206.8
0.210000  0.13948526  0.00001781  1.59155599  0.00271155  0.007339  142.8329  193.5
0.212500  0.14349304  0.00001758  1.59725074  0.00293118  0.007807  146.9369  182.6
0.215000  0.14747121  0.00001528  1.60308601  0.00310032  0.008292  151.0105  167.3
0.217500  0.15150889  0.00001498  1.60725581  0.00264151  0.008799  155.1451  157.6
0.220000  0.15553084  0.00001618  1.61186393  0.00273393  0.009322  159.2636  146.6
0.222500  0.15952567  0.00001475  1.61558469  0.00273582  0.009860  163.3543  140.7
0.225000  0.16358440  0.00001532  1.61617254  0.00248944  0.010424  167.5104  132.3
0.227500  0.16760508  0.00001353  1.61745361  0.00265660  0.011000  171.6276  123.2
0.230000  0.17167536  0.00001343  1.62174510  0.00253032  0.011601  175.7956  116.5
0.232500  0.17571885  0.00001492  1.62507127  0.00237420  0.012216  179.9361  110.3
0.235000  0.17979987  0.00001335  1.62099448  0.00241379  0.012856  184.1151  103.4
0.237500  0.18385374  0.00001288  1.62336025  0.00234142  0.013510  188.2662  97.8
0.240000  0.18789263  0.00001298  1.62083793  0.00214263  0.014182  192.4021  93.5
0.242500  0.19197804  0.00001254  1.62049913  0.00199338  0.014879  196.5855  88.5
0.245000  0.19601478  0.00001160  1.61909810  0.00207680  0.015588  200.7191  83.9
0.247500  0.20007037  0.00001244  1.62332964  0.00202010  0.016319  204.8721  79.8
0.250000  0.20409457  0.00001201  1.62159043  0.00195853  0.017064  208.9928  76.1
0.252500  0.20817511  0.00001132  1.61899416  0.00182187  0.017837  213.1713  72.9
0.255000  0.21217575  0.00001132  1.61298658  0.00182100  0.018616  217.2680  68.8
0.257500  0.21622443  0.00001122  1.60802758  0.00171622  0.019424  221.4138  65.7
0.260000  0.22023846  0.00001170  1.60646599  0.00183703  0.020244  225.5242  62.8
0.262500  0.22425961  0.00001170  1.60169023  0.00170149  0.021084  229.6418  60.2
0.265000  0.22825911  0.00001156  1.60077001  0.00172343  0.021941  233.7373  57.0
0.267500  0.23223077  0.00001273  1.59458782  0.00161225  0.022810  237.8043  54.8
0.270000  0.23623186  0.00001165  1.59219687  0.00160095  0.023705  241.9014  53.0
0.272500  0.24018980  0.00001040  1.58704559  0.00151266  0.024610  245.9544  50.3
0.275000  0.24416195  0.00001040  1.58089293  0.00148347  0.025537  250.0218  48.4
0.277500  0.24813378  0.00000972  1.57583937  0.00155154  0.026485  254.0890  46.4
0.280000  0.25204049  0.00000984  1.56975965  0.00147079  0.027437  258.0895  44.7
0.282500  0.25596785  0.00001055  1.56498628  0.00139198  0.028411  262.1111  42.5
0.285000  0.25983591  0.00000923  1.55905611  0.00142999  0.029393  266.0720  41.2
0.287500  0.26374315  0.00000994  1.55151366  0.00124602  0.030401  270.0730  39.4
0.290000  0.26762365  0.00001014  1.54618769  0.00136006  0.031421  274.0466  37.8
0.292500  0.27148610  0.00001011  1.54149710  0.00125901  0.032457  278.0018  36.7
0.295000  0.27530999  0.00000954  1.53421406  0.00115159  0.033501  281.9174  35.6
0.297500  0.27915766  0.00000913  1.52837030  0.00126486  0.034569  285.8574  34.0
0.300000  0.28295138  0.00000941  1.51913587  0.00120374  0.035641  289.7422  33.1
0.302500  0.28674600  0.00000956  1.51485140  0.00111519  0.036732  293.6279  32.0
0.305000  0.29053101  0.00000906  1.50754799  0.00108186  0.037841  297.5038  30.7
0.307500  0.29428853  0.00000839  1.49927921  0.00115513  0.038957  301.3514  29.6
0.310000  0.29803446  0.00000927  1.49245316  0.00110062  0.040088  305.1873  28.8
0.312500  0.30173415  0.00000925  1.48587037  0.00107796  0.041225  308.9758  27.8
0.315000  0.30544400  0.00000844  1.47618830  0.00101325  0.042382  312.7747  26.8
0.317500  0.30913579  0.00000925  1.46969840  0.00101288  0.043551  316.5550  26.1
0.320000  0.31279881  0.00000896  1.46395456  0.00102180  0.044728  320.3060  25.3
0.322500  0.31645578  0.00000853  1.45571257  0.00101623  0.045920  324.0507  24.6
0.325000  0.32007032  0.00000846  1.44858183  0.00095895  0.047116  327.7520  23.8
0.327500  0.32369946  0.00000819  1.43955576  0.00096564  0.048333  331.4683  23.1
0.330000  0.32728362  0.00000842  1.43269814  0.00091042  0.049554  335.1384  22.5
0.332500  0.33085773  0.00000787  1.42613330  0.00094549  0.050786  338.7983  21.8
0.335000  0.33440255  0.00000780  1.41623573  0.00096443  0.052026  342.4282  21.2
0.337500  0.33793501  0.00000812  1.41021746  0.00086810  0.053275  346.0455  20.6
0.340000  0.34145274  0.00000766  1.40176091  0.00092736  0.054540  349.6476  20.0
0.342500  0.34496264  0.00000762  1.39556965  0.00086854  0.055813  353.2417  19.5
0.345000  0.34842421  0.00000716  1.38568143  0.00085306  0.057088  356.7864  19.0
0.347500  0.35187439  0.00000772  1.37783943  0.00081526  0.058376  360.3194  18.4
0.350000  0.35530108  0.00000823  1.37263138  0.00079689  0.059669  363.8283  18.1
0.352500  0.35873790  0.00000804  1.36441843  0.00078091  0.060979  367.3476  17.6
0.355000  0.36213007  0.00000700  1.35779675  0.00086237  0.062287  370.8212  17.3
0.357500  0.36551577  0.00000751  1.34828940  0.00073557  0.063610  374.2882  16.9
0.360000  0.36886878  0.00000803  1.34090358  0.00076406  0.064935  377.7216  16.4
0.362500  0.37221193  0.00000713  1.33373180  0.00071873  0.066267  381.1450  16.0
0.365000  0.37556568  0.00000804  1.32494338  0.00079402  0.067619  384.5793  15.7
0.367500  0.37886335  0.00000684  1.31772141  0.00069381  0.068962  387.9561  15.3
0.370000  0.38214354  0.00000716  1.31064061  0.00059954  0.070318  391.3150  15.0
0.372500  0.38541590  0.00000689  1.30280541  0.00065832  0.071679  394.6659  14.8
0.375000  0.38866685  0.00000632  1.29469716  0.00067121  0.073045  397.9949  14.4
0.377500  0.39188196  0.00000683  1.28831616  0.00064829  0.074412  401.2871  14.1
0.380000  0.39509275  0.00000612  1.28024310  0.00067233  0.075790  404.5750  13.8
0.382500  0.39829126  0.00000640  1.27358044  0.00067202  0.077176  407.8503  13.5
0.385000  0.40145959  0.00000661  1.26570273  0.00054814  0.078561  411.0946  13.2
0.387500  0.40461480  0.00000714  1.25658504  0.00059662  0.079953  414.3256  12.9
0.390000  0.40774652  0.00000711  1.25128589  0.00059060  0.081348  417.5324  12.7
0.392500  0.41086124  0.00000667  1.24309681  0.00063418  0.082751  420.7219  12.5
0.395000  0.41396438  0.00000661  1.23702077  0.00059196  0.084156  423.8995  12.3
0.397500  0.41706029  0.00000673  1.22792705  0.00059291  0.085571  427.0697  12.0
0.400000  0.42012503  0.00000559  1.22152194  0.00055038  0.086984  430.2080  11.8
0.402500  0.42316810  0.00000630  1.21592918  0.00052654  0.088401  433.3241  11.6
0.405000  0.42618066  0.00000598  1.20744387  0.00058242  0.089815  436.4090  11.4
0.407500  0.42919966  0.00000605  1.20101619  0.00058067  0.091242  439.5005  11.2
0.410000  0.43219894  0.00000581  1.19415962  0.00051799  0.092671  442.5717  11.1
0.412500  0.43516934  0.00000624  1.18742950  0.00055822  0.094098  445.6134  10.9
0.415000  0.43812368  0.00000692  1.17961491  0.00052446  0.095531  448.6386  10.7
0.417500  0.44107824  0.00000631  1.17334273  0.00046265  0.096969  451.6641  10.5
0.420000  0.44399511  0.00000696  1.16782393  0.00049260  0.098404  454.6510  10.4
0.422500  0.44690547  0.00000551  1.16080467  0.00048820  0.099846  457.6312  10.2
0.425000  0.44978756  0.00000595  1.15350009  0.00048404  0.101284  460.5825  10.0
0.427500  0.45266547  0.00000629  1.14683703  0.00044623  0.102729  463.5294  9.9
0.430000  0.45553247  0.00000584  1.14052803  0.00045462  0.104179  466.4653  9.8
0.432500  0.45838269  0.00000616  1.13456842  0.00051785  0.105635  469.3839  9.6
0.435000  0.46120327  0.00000640  1.12784323  0.00043982  0.107082  472.2722  9.5
0.437500  0.46400776  0.00000571  1.12095524  0.00046990  0.108532  475.1439  9.4
0.440000  0.46680925  0.00000578  1.11437925  0.00046773  0.109984  478.0127  9.3
0.442500  0.46957795  0.00000584  1.10779743  0.00040001  0.111436  480.8478  9.1
0.445000  0.47235719  0.00000590  1.10155128  0.00040234  0.112898  483.6938  9.0
0.447500  0.47508877  0.00000537  1.09515087  0.00040730  0.114351  486.4909  8.9
0.450000  0.47781751  0.00000572  1.08842050  0.00041746  0.115803  489.2851  8.8
0.452500  0.48053144  0.00000580  1.08325054  0.00041146  0.117263  492.0642  8.7
0.455000  0.48324026  0.00000603  1.07751269  0.00043827  0.118724  494.8380  8.6
0.457500  0.48592262  0.00000555  1.07111090  0.00039659  0.120183  497.5848  8.5
0.460000  0.48859594  0.00000558  1.06549696  0.00039690  0.121644  500.3222  8.4
0.462500  0.49124562  0.00000560  1.05864074  0.00040303  0.123102  503.0355  8.3
0.465000  0.49389239  0.00000601  1.05327603  0.00039128  0.124563  505.7458  8.2
0.467500  0.49652376  0.00000612  1.04760862  0.00041662  0.126024  508.4403  8.1
0.470000  0.49913385  0.00000598  1.04139695  0.00036337  0.127485  511.1131  8.0
0.472500  0.50173255  0.00000550  1.03630411  0.00038418  0.128945  513.7741  7.9
0.475000  0.50430825  0.00000549  1.03082153  0.00038020  0.130404  516.4116  7.9
0.477500  0.50688764  0.00000531  1.02508570  0.00037608  0.131867  519.0529  7.8
0.480000  0.50943884  0.00000582  1.01879649  0.00035074  0.133326  521.6654  7.7
0.482500  0.51198379  0.00000592  1.01387390  0.00036226  0.134784  524.2714  7.7
0.485000  0.51450461  0.00000535  1.00846140  0.00033180  0.136241  526.8527  7.6
0.487500  0.51702297  0.00000544  1.00227953  0.00035106  0.137699  529.4315  7.5
0.490000  0.51952526  0.00000520  0.99748736  0.00034364  0.139158  531.9939  7.4
0.492500  0.52200387  0.00000526  0.99254674  0.00036632  0.140611  534.5320  7.4
0.495000  0.52447985  0.00000535  0.98724424  0.00033374  0.142068  537.0674  7.3
0.497500  0.52695068  0.00000539  0.98114064  0.00031613  0.143529  539.5975  7.3
0.500000  0.52938769  0.00000495  0.97666505  0.00034004  0.144975  542.0930  7.2
0.525000  0.55315740  0.00000559  0.92642139  0.00027976  0.159446  566.4332  6.7
0.550000  0.57574617  0.00000493  0.88084102  0.00022801  0.173757  589.5641  6.3
0.575000  0.59723576  0.00000482  0.83880026  0.00022124  0.187859  611.5694  6.0
0.600000  0.61771515  0.00000452  0.79991205  0.00021842  0.201711  632.5403  5.8
0.625000  0.63727152  0.00000490  0.76421071  0.00020238  0.215308  652.5660  5.6
0.650000  0.65595763  0.00000405  0.73143700  0.00018278  0.228610  671.7006  5.5
0.675000  0.67384755  0.00000441  0.70033931  0.00016671  0.241615  690.0199  5.4
0.700000  0.69099966  0.00000431  0.67190385  0.00015614  0.254319  707.5837  5.3
0.725000  0.70745897  0.00000413  0.64540677  0.00014742  0.266710  724.4380  5.3
0.750000  0.72328046  0.00000381  0.62033550  0.00014150  0.278795  740.6392  5.2
0.775000  0.73849334  0.00000422  0.59697070  0.00012546  0.290571  756.2172  5.2
0.800000  0.75314244  0.00000384  0.57534386  0.00012159  0.302038  771.2179  5.1
0.825000  0.76726686  0.00000401  0.55498586  0.00011569  0.313209  785.6813  5.1
0.850000  0.78088986  0.00000415  0.53547425  0.00011431  0.324081  799.6312  5.1
0.875000  0.79405100  0.00000385  0.51737158  0.00009282  0.334664  813.1082  5.1
0.900000  0.80677417  0.00000385  0.50028866  0.00010425  0.344971  826.1368  5.1
0.925000  0.81906962  0.00000354  0.48378557  0.00009087  0.354997  838.7273  5.1
0.950000  0.83097544  0.00000381  0.46849767  0.00009012  0.364760  850.9189  5.0
0.975000  0.84250421  0.00000369  0.45388860  0.00009101  0.374258  862.7243  5.0
1.000000  0.85367893  0.00000365  0.44009846  0.00009007  0.383504  874.1672  5.0
1.050000  0.87502919  0.00000360  0.41435807  0.00007673  0.401268  896.0299  5.0
1.100000  0.89516620  0.00000361  0.39112419  0.00006816  0.418122  916.6502  5.0
1.150000  0.91417722  0.00000384  0.36994015  0.00006041  0.434104  936.1175  5.0
1.200000  0.93217759  0.00000342  0.35047953  0.00006064  0.449284  954.5499  5.0
1.250000  0.94925835  0.00000342  0.33268286  0.00005714  0.463717  972.0406  5.0
1.300000  0.96547096  0.00000360  0.31626476  0.00005556  0.477436  988.6423  5.0
1.350000  0.98090850  0.00000352  0.30122129  0.00005695  0.490500  1004.4503  5.0
1.400000  0.99561342  0.00000362  0.28726139  0.00004278  0.502951  1019.5081  5.0
1.450000  1.00964364  0.00000358  0.27432492  0.00004564  0.514820  1033.8751  5.0
1.500000  1.02304944  0.00000341  0.26218802  0.00004415  0.526160  1047.6026  5.0
1.550000  1.03587582  0.00000361  0.25093851  0.00004085  0.536986  1060.7368  5.0
1.600000  1.04815782  0.00000344  0.24050947  0.00003965  0.547339  1073.3136  5.0
1.650000  1.05994375  0.00000346  0.23067910  0.00003826  0.557251  1085.3824  5.0
1.700000  1.07125079  0.00000370  0.22153006  0.00003595  0.566747  1096.9608  5.0
1.750000  1.08209901  0.00000363  0.21291643  0.00003336  0.575842  1108.0694  5.0
1.800000  1.09255019  0.00000368  0.20486566  0.00002933  0.584574  1118.7714  5.0
1.850000  1.10259655  0.00000369  0.19723429  0.00003330  0.592955  1129.0589  5.0
1.900000  1.11227932  0.00000359  0.19007634  0.00003035  0.601012  1138.9740  5.0
1.950000  1.12160507  0.00000384  0.18329782  0.00002832  0.608751  1148.5236  5.0
2.000000  1.13060568  0.00000385  0.17684215  0.00002767  0.616204  1157.7402  5.0
2.100000  1.14769734  0.00000368  0.16511954  0.00002275  0.630293  1175.2421  5.0
2.200000  1.16366328  0.00000352  0.15448313  0.00002338  0.643384  1191.5912  5.0
2.300000  1.17863281  0.00000406  0.14493472  0.00002266  0.655589  1206.9200  5.0
2.400000  1.19269050  0.00000359  0.13626016  0.00002018  0.666985  1221.3151  5.0
2.500000  1.20590925  0.00000372  0.12836404  0.00001967  0.677652  1234.8511  5.0
2.600000  1.21838613  0.00000410  0.12118978  0.00001932  0.687658  1247.6274  5.0
2.700000  1.23016715  0.00000346  0.11457282  0.00001780  0.697058  1259.6912  5.0
2.800000  1.24131976  0.00000365  0.10851560  0.00001628  0.705911  1271.1114  5.0
2.900000  1.25188954  0.00000369  0.10296900  0.00001506  0.714262  1281.9349  5.0
3.000000  1.26192254  0.00000379  0.09781415  0.00001497  0.722147  1292.2087  5.0
3.100000  1.27146390  0.00000366  0.09306591  0.00001370  0.729611  1301.9790  5.0
3.200000  1.28054638  0.00000395  0.08866290  0.00001291  0.736680  1311.2795  5.0
3.300000  1.28920904  0.00000347  0.08455607  0.00001245  0.743394  1320.1501  5.0
3.400000  1.29747189  0.00000378  0.08075922  0.00001209  0.749768  1328.6112  5.0
3.500000  1.30537157  0.00000401  0.07721867  0.00001192  0.755833  1336.7005  5.0
3.600000  1.31292641  0.00000347  0.07391385  0.00001082  0.761614  1344.4366  5.0
3.700000  1.32015434  0.00000378  0.07078875  0.00001045  0.767124  1351.8380  5.0
3.800000  1.32709513  0.00000376  0.06788706  0.00000942  0.772385  1358.9454  5.0
3.900000  1.33373825  0.00000368  0.06517494  0.00000954  0.777411  1365.7480  5.0
4.000000  1.34013160  0.00000373  0.06261139  0.00000906  0.782219  1372.2948  5.0
4.100000  1.34626408  0.00000386  0.06018534  0.00000856  0.786822  1378.5744  5.0
4.200000  1.35217005  0.00000398  0.05791844  0.00000900  0.791239  1384.6221  5.0
4.300000  1.35785106  0.00000378  0.05577533  0.00000781  0.795475  1390.4395  5.0
4.400000  1.36332728  0.00000429  0.05375641  0.00000838  0.799537  1396.0471  5.0
4.500000  1.36860110  0.00000409  0.05183532  0.00000722  0.803444  1401.4475  5.0
4.600000  1.37370394  0.00000378  0.05001821  0.00000748  0.807200  1406.6728  5.0
4.700000  1.37861423  0.00000411  0.04830808  0.00000761  0.810814  1411.7010  5.0
4.800000  1.38336412  0.00000378  0.04668247  0.00000612  0.814298  1416.5649  5.0
4.900000  1.38794919  0.00000400  0.04512040  0.00000701  0.817650  1421.2600  5.0
5.000000  1.39238997  0.00000400  0.04365987  0.00000641  0.820889  1425.8073  5.0
5.500000  1.41256545  0.00000372  0.03729746  0.00000500  0.835481  1446.4670  5.0
6.000000  1.42990757  0.00000420  0.03225467  0.00000456  0.847869  1464.2253  5.0
6.500000  1.44498443  0.00000397  0.02816522  0.00000394  0.858516  1479.6641  5.0
7.000000  1.45820122  0.00000414  0.02482623  0.00000344  0.867769  1493.1980  5.0
7.500000  1.46989210  0.00000419  0.02204676  0.00000314  0.875880  1505.1695  5.0
8.000000  1.48032400  0.00000397  0.01971000  0.00000295  0.883055  1515.8518  5.0
8.500000  1.48967398  0.00000401  0.01772735  0.00000249  0.889442  1525.4262  5.0
9.000000  1.49810866  0.00000431  0.01603367  0.00000231  0.895168  1534.0633  5.0
9.500000  1.50574265  0.00000457  0.01457744  0.00000220  0.900327  1541.8805  5.0
10.000000  1.51271201  0.00000415  0.01331059  0.00000191  0.905005  1549.0171  5.0
11.000000  1.52492653  0.00000429  0.01122470  0.00000159  0.913148  1561.5248  5.0
12.000000  1.53530880  0.00000401  0.00959213  0.00000148  0.920006  1572.1562  5.0
13.000000  1.54422914  0.00000430  0.00829254  0.00000124  0.925859  1581.2906  5.0
14.000000  1.55197410  0.00000480  0.00724708  0.00000096  0.930912  1589.2215  5.0
15.000000  1.55877630  0.00000415  0.00638251  0.00000090  0.935321  1596.1869  5.0
16.000000  1.56479003  0.00000429  0.00566729  0.00000083  0.939200  1602.3450  5.0
17.000000  1.57015158  0.00000391  0.00506422  0.00000068  0.942638  1607.8352  5.0
18.000000  1.57494717  0.00000476  0.00455296  0.00000068  0.945709  1612.7459  5.0
19.000000  1.57927856  0.00000455  0.00411570  0.00000058  0.948468  1617.1812  5.0
20.000000  1.58320582  0.00000510  0.00373920  0.00000054  0.950960  1621.2028  5.0
25.000000  1.59835112  0.00000452  0.00245456  0.00000033  0.960508  1636.7115  5.0
30.000000  1.60865461  0.00000448  0.00173429  0.00000026  0.966942  1647.2623  5.0
35.000000  1.61612749  0.00000463  0.00129036  0.00000018  0.971573  1654.9145  5.0
40.000000  1.62181003  0.00000442  0.00099704  0.00000014  0.975065  1660.7335  5.0
50.000000  1.62983699  0.00000481  0.00064663  0.00000009  0.979984  1668.9531  5.0
60.000000  1.63525471  0.00000432  0.00045324  0.00000006  0.983281  1674.5008  5.0
70.000000  1.63915128  0.00000460  0.00033506  0.00000005  0.985647  1678.4909  5.0
80.000000  1.64209944  0.00000449  0.00025793  0.00000003  0.987425  1681.5098  5.0
90.000000  1.64438522  0.00000504  0.00020453  0.00000003  0.988811  1683.8505  5.0
100.000000  1.64623185  0.00000485  0.00016616  0.00000003  0.989923  1685.7414  5.0
120.000000  1.64900723  0.00000474  0.00011595  0.00000002  0.991592  1688.5834  5.0
150.000000  1.65180374  0.00000476  0.00007457  0.00000001  0.993265  1691.4470  5.0
200.000000  1.65459948  0.00000462  0.00004214  0.00000001  0.994944  1694.3099  5.0
250.000000  1.65629339  0.00000418  0.00002705  0.00000000  0.995952  1696.0444  5.0
300.000000  1.65740545  0.00000481  0.00001882  0.00000000  0.996625  1697.1832  5.0
350.000000  1.65822047  0.00000441  0.00001384  0.00000000  0.997106  1698.0178  5.0
400.000000  1.65882979  0.00000459  0.00001061  0.00000000  0.997467  1698.6417  5.0
450.000000  1.65929158  0.00000436  0.00000839  0.00000000  0.997748  1699.1146  5.0
500.000000  1.65968216  0.00000460  0.00000680  0.00000000  0.997973  1699.5145  5.0
